[56,19]
[57,19]
[58,20]
[59,21]
[60,22]
[61,23]
[62,24]
[63,25]
[64,26]
[65,27]
[66,28]
[67,29]
[68,30]
[69,30]
[70,30]
[71,30]
[72,30]
[74,30]
[75,30]
[74,30]
[73,30]
[72,30]
[71,30]
[70,30]
[69,30]
[68,30]
[67,30]
[66,30]
[65,30]
[64,30]
[63,30]
[62,30]
[61,31]
[60,32]
[59,33]
[58,34]
[57,34]
[56,34]
[55,34]
[54,34]
[53,34]
[52,34]
[51,34]
[50,34]
[49,34]
[48,34]
[47,34]
[46,34]
[45,34]
[44,34]
[43,34]
[42,34]
[41,34]
[40,34]
[39,34]
[38,34]
[37,34]
[35,34]
[34,34]
[35,34]
[36,34]
[37,34]
[38,34]
[39,34]
[40,34]
[41,34]
[42,34]
[43,34]
[44,34]
[45,34]
[46,34]
[47,34]
[48,34]
[49,34]
[50,34]
[51,34]
[52,34]
[53,34]
[54,34]
[55,34]
[56,34]
[57,34]
[58,34]
[59,34]
[60,34]
[61,34]
[62,34]
[63,34]
[64,34]
[65,34]
[66,34]
[67,34]
[68,34]
[69,34]
[70,34]
[71,34]
[72,34]
[73,34]
[74,34]
[75,34]
[76,34]
[77,34]
[78,34]
[79,34]
[80,34]
[81,34]
[82,34]
[83,34]
[84,34]
[85,34]
[86,34]
[87,34]
[88,34]
[89,34]
[90,34]
[91,34]
[92,34]
[93,34]
[94,34]
[95,34]
[96,34]
[97,34]
[98,34]
[99,34]
[100,34]
[101,34]
[102,34]
[103,34]
[104,34]
[105,34]
[106,34]
[107,34]
[108,34]
[109,34]
[110,34]
[111,34]
[112,34]
[113,34]
[114,34]
[115,34]
[116,34]
[117,34]
[118,34]
[119,34]
[119,35]
[119,36]
[119,37]
[119,38]
[119,39]
[119,40]
[119,41]
[119,42]
[119,43]
[119,45]
[119,46]
[119,47]
[119,48]
[119,49]
[119,50]
[119,51]
[119,52]
[119,53]
[119,54]
[118,54]
[117,54]
[116,54]
[115,54]
[114,54]
[113,54]
[112,54]
[111,54]
[110,54]
[109,54]
[108,54]
[107,54]
[106,54]
[105,54]
[104,54]
[103,54]
[102,54]
[101,54]
[100,54]
[99,54]
[98,54]
[97,54]
[96,54]
[95,54]
[94,54]
[93,54]
[92,54]
[91,54]
[90,54]
[89,54]
[88,54]
[87,54]
[86,54]
[85,54]
[84,54]
[83,54]
[82,54]
[81,54]
[80,54]
[79,54]
[78,54]
[77,54]
[76,54]
[75,54]
[74,54]
[73,54]
[72,54]
[71,54]
[70,54]
[69,54]
[68,54]
[67,54]
[66,54]
[65,54]
[64,54]
[63,54]
[62,54]
[61,54]
[60,54]
[59,54]
[58,54]
[57,54]
[56,54]
[56,53]
[56,51]
[55,50]
[54,49]
[53,48]
[52,47]
[51,46]
[50,45]
[49,44]
[48,43]
[47,42]
[46,41]
[45,40]
[44,39]
[43,38]
[42,37]
[41,36]
[40,35]
[40,34]
[40,33]
[40,32]
[40,31]
[40,30]
[40,29]
[40,28]
[40,26]
[40,25]
[40,24]
[40,23]
[40,22]
[40,21]
[40,20]
[40,19]
[40,18]
[40,17]
[40,16]
[40,15]
[40,14]
[40,13]
[40,12]
[40,11]
[40,10]
[40,9]
[40,8]
[40,7]
[40,6]
[40,5]
[40,4]
[40,3]
[40,2]
[40,1]
[40,0]
[41,0]
[42,0]
[43,0]
[44,0]
[45,0]
[46,0]
[47,0]
[48,0]
[49,0]
[50,0]
[51,0]
[52,0]
[53,0]
[54,0]
[55,0]
[56,0]
[57,0]
[58,0]
[60,0]
[61,0]
[62,0]
[63,0]
[64,0]
[65,0]
[66,0]
[67,0]
[68,0]
[69,0]
[70,0]
[71,0]
[72,0]
[73,0]
[74,0]
[75,0]
[76,0]
[77,0]
[78,0]
[79,0]
[80,0]
[81,0]
[82,0]
[83,0]
[84,0]
[85,0]
[86,0]
[87,0]
[88,0]
[89,0]
[90,0]
[91,0]
[92,0]
[93,0]
[94,0]
[95,0]
[96,0]
[97,0]
[98,0]
[99,0]
[100,0]
[101,0]
[102,0]
[103,0]
[104,0]
[105,0]
[106,0]
[107,0]
[108,0]
[109,0]
[110,0]
[111,1]
[111,2]
[111,3]
[111,4]
[110,5]
[109,6]
[108,7]
[108,8]
[108,9]
[108,10]
[108,11]
[108,12]
[108,13]
[108,14]
[108,15]
[108,16]
[108,17]
[108,18]
[108,19]
[108,20]
[108,21]
[108,22]
[108,23]
[108,24]
[108,25]
[108,26]
[108,27]
[108,28]
[108,29]
[108,30]
[108,31]
[108,32]
[108,33]
[108,34]
[108,35]
[108,36]
[108,37]
[108,38]
[108,39]
[108,40]
[108,41]
[108,42]
[108,43]
[108,44]
[108,45]
[108,46]
[108,47]
[108,48]
[108,49]
[108,50]
[108,51]
[108,53]
[108,54]
[107,54]
[106,54]
[105,54]
[104,53]
[103,52]
[102,51]
[101,50]
[100,49]
[99,48]
[98,47]
[97,46]
[96,45]
[95,44]
[94,43]
[93,42]
[92,41]
[91,40]
[90,39]
[89,38]
[88,37]
[87,36]
[86,35]
[85,34]
[84,33]
[83,32]
[82,31]
[81,30]
[80,29]
[79,28]
[78,27]
[77,26]
[76,25]
[75,24]
[74,23]
[73,22]
[72,21]
[71,20]
[70,19]
[69,18]
[68,17]
[67,16]
[66,15]
[65,14]
[64,13]
[63,12]
[62,11]
[61,10]
[60,9]
[59,8]
[58,7]
[57,7]
[56,7]
[55,7]
[54,7]
[53,7]
[52,7]
[51,7]
[50,7]
[49,7]
[48,7]
[47,7]
[46,7]
[45,7]
[44,7]
[43,7]
[42,7]
[41,7]
[40,7]
[39,7]
[38,7]
[37,7]
[36,7]
[35,7]
[34,7]
[33,7]
[32,7]
[31,7]
[30,7]
[29,7]
[28,7]
[27,7]
[26,7]
[25,7]
[24,7]
[23,7]
[22,7]
[21,7]
[20,7]
[19,7]
[18,7]
[16,7]
[17,8]
[18,9]
[19,10]
[20,11]
[20,12]
[20,13]
[20,14]
[20,15]
[20,16]
[20,17]
[21,18]
[22,19]
[23,20]
[24,21]
[25,22]
[26,23]
[27,24]
[28,25]
[28,26]
[28,27]
[28,28]
[28,29]
[28,30]
[28,31]
[28,32]
[28,33]
[28,34]
[29,34]
[30,34]
[31,34]
[32,34]
[33,34]
[34,34]
[35,34]
[36,34]
[37,34]
[38,34]
[39,34]
[40,34]
[41,34]
[42,34]
[43,34]
[44,34]
[45,34]
[46,34]
[47,34]
[48,34]
[49,34]
[50,34]
[51,34]
[52,34]
[53,34]
[54,34]
[55,34]
[56,34]
[57,34]
[58,34]
[60,34]
[61,34]
[62,34]
[63,34]
[64,34]
[65,34]
[66,34]
[65,35]
[64,36]
[63,37]
[62,38]
[61,39]
[60,40]
[59,41]
[58,42]
[57,43]
[56,44]
[55,45]
[54,46]
[53,47]
[52,48]
[51,48]
[50,48]
[49,48]
[48,48]
[47,48]
[46,48]
[45,48]
[44,48]
[43,48]
[42,48]
[41,48]
[40,48]
[39,48]
[38,48]
[37,48]
[36,48]
[35,48]
[34,48]
[33,48]
[32,48]
[31,48]
[29,48]
[28,48]
[27,47]
[26,46]
[25,45]
[24,44]
[23,43]
[22,42]
[21,41]
[20,40]
[19,39]
[18,38]
[17,37]
[16,36]
[15,35]
[15,34]
[15,33]
[15,32]
[15,31]
[15,30]
[15,29]
[15,28]
[15,27]
[15,26]
[15,25]
[15,24]
[15,23]
[15,22]
[15,21]
[15,20]
[15,19]
[15,17]
[16,17]
[17,17]
[18,17]
[19,17]
[20,17]
[21,17]
[22,17]
[23,17]
[24,17]
[25,17]
[26,17]
[27,17]
[28,17]
[29,17]
[30,17]
[31,18]
[32,19]
[33,19]
[34,19]
[35,19]
[36,19]
[37,19]
[38,19]
[39,19]
[40,19]
[41,19]
[42,19]
[43,19]
[44,19]
[45,19]
[46,19]
[47,19]
[48,19]
[49,19]
[50,19]
[51,19]
[52,19]
[53,19]
[54,19]
[55,19]
[56,19]
[57,19]
[58,19]
[59,19]
[60,19]
[61,19]
[62,19]
[63,19]
[64,19]
[65,19]
[66,19]
[67,19]
[68,19]
[69,19]
[70,19]
[71,19]
[72,19]
[73,19]
[74,19]
[75,19]
[76,19]
[77,19]
[78,19]
[79,19]
[80,19]
[81,19]
[82,19]
[84,19]
[85,19]
[84,18]
[83,17]
[82,16]
[81,15]
[80,14]
[79,13]
[78,12]
[77,11]
[76,10]
[75,9]
[74,8]
[73,8]
[72,8]
[71,8]
[70,8]
[69,8]
[68,8]
[67,8]
[66,8]
[65,8]
[64,8]
[63,8]
[62,8]
[61,8]
[60,8]
[59,8]
[58,8]
[57,8]
[56,8]
[55,8]
[53,8]
[52,8]
[51,8]
[50,8]
[49,8]
[48,8]
[47,8]
[46,8]
[45,8]
[44,8]
[43,8]
[42,8]
[41,8]
[40,8]
[39,8]
[38,8]
[37,8]
[36,8]
[35,8]
[34,8]
[33,8]
[32,8]
[31,8]
[30,8]
[29,8]
[28,8]
[27,8]
[26,8]
[25,8]
[24,8]
[23,8]
[22,9]
[20,11]
[19,12]
[18,13]
[17,14]
[16,15]
[15,16]
[16,17]
[17,18]
[18,19]
[19,20]
[20,21]
[21,22]
[22,23]
[23,24]
[24,25]
[25,26]
[26,26]
[27,26]
[28,26]
[29,26]
[30,26]
[31,26]
[32,26]
[33,26]
[34,26]
[35,26]
[36,26]
[37,26]
[38,26]
[39,26]
[40,27]
[41,28]
[42,28]
[43,28]
[44,28]
[45,28]
[46,28]
[47,27]
[48,26]
[49,26]
[50,26]
[51,26]
[52,26]
[53,26]
[54,26]
[55,26]
[56,26]
[57,26]
[58,26]
[59,26]
[60,26]
[61,26]
[62,26]
[63,26]
[64,26]
[65,26]
[66,26]
[67,26]
[68,26]
[69,26]
[70,26]
[71,26]
[72,26]
[73,26]
[74,26]
[75,26]
[76,26]
[77,26]
[78,26]
[79,26]
[80,26]
[81,26]
[82,26]
[83,26]
[84,26]
[85,26]
[86,26]
[87,26]
[88,26]
[89,26]
[90,26]
[91,26]
[92,26]
[93,26]
[94,26]
[95,26]
[96,26]
[97,26]
[98,26]
[99,26]
[101,26]
[102,26]
[103,26]
[104,26]
[105,26]
[106,26]
[107,26]
[108,26]
[109,26]
[110,26]
[111,26]
[112,26]
[113,26]
[114,26]
[115,26]
[116,26]
[117,26]
[118,26]
[119,26]
[120,26]
[121,26]
[121,27]
[121,28]
[121,29]
[121,30]
[121,31]
[121,32]
[121,33]
[121,34]
[121,35]
[121,36]
[121,37]
[121,39]
[121,40]
[121,41]
[121,42]
[121,43]
[121,44]
[120,44]
[119,44]
[118,44]
[117,44]
[116,44]
[115,44]
[114,44]
[113,44]
[112,44]
[111,44]
[110,44]
[109,44]
[108,44]
[107,44]
[106,44]
[105,44]
[104,44]
[103,44]
[102,44]
[101,44]
[100,44]
[99,44]
[98,44]
[97,44]
[96,44]
[95,44]
[94,44]
[93,44]
[92,44]
[91,44]
[90,44]
[89,44]
[88,44]
[87,44]
[86,44]
[85,44]
[84,44]
[83,43]
[82,42]
[81,41]
[80,40]
[79,39]
[78,38]
[77,37]
[76,36]
[75,35]
[74,34]
[73,33]
[72,32]
[71,31]
[70,30]
[69,29]
[68,28]
[67,27]
[66,26]
[65,25]
[64,24]
[63,23]
[62,22]
[61,21]
[60,20]
[59,19]
[58,18]
[57,18]
[56,18]
[55,18]
[54,18]
[53,18]
[52,18]
[51,18]
[50,18]
[49,18]
[48,18]
[47,18]
[46,18]
[45,18]
[44,18]
[43,18]
[42,18]
[41,18]
[40,18]
[39,18]
[38,18]
[37,18]
[36,18]
[35,18]
[34,18]
[33,18]
[32,18]
[31,18]
[30,18]
[29,18]
[28,18]
[27,18]
[26,18]
[25,18]
[24,18]
[23,18]
[22,18]
[21,18]
[20,18]
[19,18]
[18,18]
[17,18]
[16,18]
[15,18]
[14,18]
[13,18]
[12,18]
[11,18]
[9,18]
[8,18]
[7,18]
[6,18]
[5,18]
[4,18]
[3,18]
[2,18]
[1,18]
[0,18]
[0,19]
[0,20]
[0,21]
[0,22]
[0,23]
[0,24]
[0,25]
[0,26]
[0,27]
[0,28]
[0,29]
[0,30]
[0,31]
[0,32]
[0,33]
[0,34]
[0,35]
[0,36]
[0,37]
[0,38]
[0,39]
[0,40]
[0,41]
[1,41]
[2,41]
[3,41]
[4,41]
[5,40]
[6,40]
[7,40]
[8,40]
[9,40]
[10,40]
[11,40]
[12,40]
[13,40]
[14,40]
[15,40]
[16,40]
[17,40]
[18,40]
[19,40]
[20,40]
[21,40]
[22,40]
[23,40]
[24,40]
[25,40]
[26,40]
[27,40]
[28,40]
[29,40]
[30,40]
[31,40]
[32,40]
[33,40]
[34,40]
[35,40]
[36,40]
[37,40]
[38,40]
[39,40]
[40,40]
[41,40]
[42,40]
[44,40]
[45,40]
[46,39]
[47,38]
[48,37]
[49,36]
[50,35]
[51,34]
[52,34]
[53,34]
[54,34]
[55,34]
[56,34]
[57,34]
[58,34]
[59,34]
[60,34]
[61,34]
[62,34]
[63,34]
[64,34]
[65,34]
[66,34]
[67,34]
[68,34]
[69,34]
[70,34]
[71,34]
[72,34]
[73,34]
[74,34]
[75,34]
[76,34]
[77,34]
[78,34]
[79,34]
[80,34]
[81,34]
[82,34]
[84,34]
[85,34]
[86,34]
[87,34]
[88,34]
[89,34]
[89,33]
[89,32]
[89,31]
[89,30]
[89,29]
[89,28]
[89,27]
[89,26]
[89,25]
[89,24]
[89,23]
[89,22]
[89,21]
[89,19]
[89,18]
[90,19]
[91,20]
[92,21]
[93,22]
[94,23]
[95,24]
[96,25]
[97,26]
[98,27]
[99,28]
[100,29]
[100,30]
[100,31]
[100,33]
[99,33]
[98,33]
[97,32]
[96,31]
[95,30]
[94,29]
[93,29]
[92,29]
[91,29]
[90,29]
[89,29]
[88,29]
[87,29]
[86,29]
[85,29]
[84,29]
[83,29]
[82,29]
[81,29]
[80,29]
[79,29]
[78,29]
[77,29]
[76,29]
[75,29]
[74,29]
[73,29]
[72,29]