[82,5]
[81,5]
[80,5]
[79,5]
[78,5]
[77,5]
[76,5]
[75,5]
[74,5]
[73,5]
[72,5]
[71,5]
[70,5]
[69,5]
[68,5]
[67,5]
[66,5]
[65,5]
[64,5]
[63,5]
[62,5]
[61,5]
[60,5]
[59,5]
[58,5]
[57,5]
[56,5]
[55,5]
[54,5]
[53,5]
[52,5]
[51,5]
[50,5]
[49,5]
[49,6]
[49,7]
[49,9]
[48,10]
[47,11]
[46,12]
[45,13]
[44,14]
[43,15]
[42,16]
[41,17]
[40,18]
[39,19]
[38,20]
[37,21]
[36,22]
[35,23]
[34,24]
[33,25]
[32,26]
[31,27]
[30,28]
[29,29]
[28,30]
[27,31]
[26,32]
[25,33]
[24,34]
[23,35]
[22,36]
[21,37]
[20,38]
[19,39]
[18,40]
[17,41]
[16,42]
[15,43]
[14,44]
[13,45]
[12,46]
[11,47]
[10,48]
[9,49]
[8,50]
[7,51]
[6,52]
[7,53]
[8,54]
[9,55]
[10,56]
[11,57]
[12,58]
[13,59]
[14,60]
[15,61]
[16,62]
[17,63]
[17,64]
[16,65]
[15,66]
[14,67]
[14,68]
[14,69]
[14,70]
[14,71]
[14,72]
[14,73]
[14,74]
[14,75]
[14,76]
[14,77]
[14,78]
[14,79]
[14,80]
[14,81]
[14,83]
[14,84]
[14,85]
[14,86]
[14,87]
[14,88]
[14,89]
[14,90]
[14,91]
[14,92]
[14,93]
[15,94]
[16,95]
[17,96]
[18,97]
[19,98]
[20,99]
[21,100]
[22,101]
[23,102]
[24,103]
[25,104]
[26,105]
[27,106]
[28,107]
[29,108]
[30,109]
[31,110]
[32,111]
[33,112]
[34,113]
[35,114]
[36,115]
[37,116]
[38,117]
[39,118]
[40,119]
[41,120]
[42,121]
[43,121]
[44,121]
[45,121]
[46,121]
[47,121]
[48,121]
[49,121]
[50,121]
[51,121]
[52,121]
[53,121]
[54,121]
[55,121]
[56,121]
[57,121]
[58,121]
[59,121]
[60,121]
[61,121]
[62,121]
[63,121]
[64,121]
[65,121]
[66,121]
[67,121]
[68,121]
[69,121]
[70,121]
[71,121]
[72,121]
[73,121]
[74,121]
[75,121]
[76,121]
[77,121]
[78,121]
[79,121]
[80,121]
[81,121]
[82,121]
[83,121]
[84,121]
[85,121]
[86,121]
[87,121]
[88,121]
[89,121]
[90,121]
[91,121]
[92,121]
[93,121]
[94,121]
[95,121]
[96,121]
[97,121]
[98,121]
[99,121]
[100,121]
[101,121]
[102,121]
[103,121]
[104,121]
[105,121]
[106,121]
[107,121]
[108,121]
[109,121]
[110,121]
[111,121]
[112,121]
[113,121]
[114,121]
[115,121]
[116,121]
[116,120]
[116,119]
[116,118]
[116,117]
[116,116]
[116,115]
[116,114]
[116,113]
[116,112]
[116,111]
[116,110]
[116,109]
[116,108]
[116,107]
[116,106]
[115,105]
[113,103]
[112,102]
[111,101]
[110,100]
[109,99]
[108,98]
[107,97]
[106,96]
[105,95]
[104,94]
[103,93]
[102,92]
[101,91]
[100,90]
[99,89]
[98,88]
[97,87]
[96,86]
[95,85]
[94,84]
[93,83]
[92,82]
[91,81]
[90,80]
[89,79]
[88,78]
[87,77]
[86,76]
[85,75]
[84,74]
[83,73]
[82,72]
[81,71]
[80,70]
[79,69]
[78,68]
[77,67]
[76,66]
[75,65]
[74,64]
[73,63]
[72,62]
[71,61]
[70,60]
[69,59]
[68,58]
[67,57]
[66,56]
[65,55]
[64,54]
[63,53]
[62,52]
[61,51]
[60,50]
[59,49]
[58,48]
[57,47]
[56,46]
[55,45]
[54,44]
[53,43]
[52,42]
[51,41]
[50,41]
[49,41]
[48,41]
[47,41]
[46,41]
[45,41]
[44,41]
[43,41]
[42,41]
[41,41]
[40,41]
[39,41]
[38,41]
[37,41]
[36,41]
[35,41]
[34,41]
[33,41]
[32,41]
[31,41]
[30,41]
[29,41]
[28,41]
[27,41]
[26,41]
[25,41]
[24,41]
[23,41]
[22,41]
[21,41]
[20,41]
[19,41]
[18,41]
[17,41]
[16,41]
[15,41]
[14,41]
[13,41]
[12,41]
[11,41]
[10,41]
[9,41]
[8,41]
[7,41]
[6,41]
[5,41]
[4,41]
[4,42]
[4,43]
[4,44]
[4,45]
[4,47]
[4,48]
[4,49]
[4,50]
[4,51]
[4,52]
[4,53]
[4,54]
[4,55]
[4,56]
[4,57]
[4,58]
[5,59]
[6,60]
[7,61]
[8,62]
[9,63]
[10,64]
[11,65]
[12,66]
[13,67]
[14,68]
[15,68]
[16,68]
[17,68]
[18,68]
[19,68]
[20,68]
[20,67]
[20,65]
[21,65]
[22,66]
[23,67]
[24,68]
[25,69]
[26,70]
[27,71]
[28,72]
[29,73]
[30,74]
[31,75]
[32,76]
[33,77]
[34,78]
[35,79]
[36,80]
[37,81]
[38,82]
[39,83]
[40,84]
[41,85]
[42,86]
[43,87]
[44,88]
[45,89]
[46,90]
[47,91]
[48,92]
[49,93]
[50,94]
[51,95]
[52,96]
[53,97]
[54,97]
[55,97]
[56,97]
[57,97]
[58,97]
[59,97]
[60,97]
[61,97]
[62,97]
[63,97]
[64,97]
[65,97]
[66,97]
[67,97]
[68,97]
[69,97]
[70,97]
[71,97]
[72,97]
[73,97]
[74,97]
[75,97]
[76,97]
[77,97]
[78,97]
[79,97]
[80,97]
[81,97]
[82,97]
[83,97]
[84,97]
[85,97]
[86,97]
[87,97]
[88,97]
[89,97]
[90,97]
[91,97]
[92,97]
[93,97]
[94,97]
[95,97]
[96,97]
[97,97]
[98,97]
[99,97]
[100,96]
[101,95]
[102,94]
[103,93]
[105,91]
[106,90]
[106,91]
[106,92]
[106,93]
[106,94]
[106,95]
[106,96]
[106,97]
[106,98]
[106,99]
[106,100]
[106,101]
[106,102]
[106,103]
[106,104]
[106,105]
[106,106]
[106,107]
[106,108]
[106,109]
[106,110]
[106,111]
[106,112]
[106,113]
[106,114]
[106,115]
[106,116]
[106,117]
[106,118]
[106,119]
[105,119]
[104,119]
[103,119]
[102,119]
[101,119]
[100,119]
[99,119]
[98,119]
[97,119]
[96,119]
[95,119]
[94,119]
[93,119]
[92,119]
[91,119]
[90,119]
[89,119]
[88,119]
[87,119]
[86,119]
[85,119]
[84,119]
[83,119]
[82,119]
[81,119]
[80,119]
[79,119]
[78,119]
[77,119]
[76,119]
[75,119]
[74,119]
[73,119]
[72,119]
[71,119]
[70,119]
[69,119]
[68,119]
[67,119]
[66,119]
[65,119]
[64,119]
[63,119]
[62,119]
[61,119]
[59,119]
[58,119]
[57,119]
[56,119]
[55,119]
[54,119]
[53,119]
[52,119]
[51,119]
[50,119]
[49,119]
[48,119]
[47,119]
[46,119]
[45,119]
[44,119]
[43,119]
[42,119]
[41,119]
[40,119]
[39,119]
[38,119]
[37,119]
[36,119]
[35,119]
[34,119]
[33,118]
[33,117]
[33,116]
[33,115]
[33,114]
[33,113]
[33,112]
[33,111]
[33,110]
[33,109]
[33,108]
[33,107]
[33,106]
[33,105]
[33,104]
[33,103]
[33,102]
[33,101]
[33,100]
[33,99]
[33,98]
[33,97]
[33,96]
[33,95]
[33,94]
[33,93]
[33,92]
[33,91]
[33,90]
[33,88]
[33,87]
[33,86]
[33,85]
[32,85]
[31,85]
[30,85]
[29,85]
[28,85]
[27,85]
[26,85]
[25,85]
[24,85]
[23,85]
[22,85]
[21,85]
[20,85]
[19,85]
[18,85]
[17,85]
[16,85]
[16,86]
[16,88]
[16,89]
[16,90]
[16,91]
[16,92]
[16,93]
[16,94]
[16,95]
[16,96]
[16,97]
[16,98]
[16,99]
[16,100]
[16,101]
[16,102]
[16,103]
[16,104]
[16,105]
[16,106]
[16,107]
[16,108]
[16,109]
[16,110]
[16,111]
[16,112]
[16,113]
[16,114]
[16,115]
[16,116]
[16,117]
[16,118]
[17,118]
[18,118]
[19,118]
[20,118]
[21,118]
[22,118]
[23,118]
[24,118]
[25,118]
[26,118]
[27,118]
[28,118]
[29,118]
[30,118]
[31,118]
[32,118]
[33,118]
[34,118]
[35,118]
[36,118]
[37,118]
[38,118]
[39,118]
[40,118]
[41,118]
[42,118]
[43,118]
[44,118]
[45,118]
[46,118]
[47,118]
[48,118]
[49,118]
[50,118]
[51,118]
[52,118]
[53,118]
[54,118]
[55,118]
[56,118]
[57,118]
[58,118]
[59,118]
[60,118]
[61,118]
[62,118]
[63,118]
[64,118]
[65,118]
[66,118]
[67,118]
[68,118]
[69,118]
[70,118]
[71,118]
[72,118]
[73,118]
[74,118]
[75,118]
[76,118]
[77,118]
[78,118]
[79,118]
[80,118]
[82,118]
[83,118]
[84,118]
[85,118]
[86,118]
[87,118]
[88,118]
[89,118]
[90,118]
[91,118]
[92,118]
[93,118]
[94,118]
[95,118]
[96,118]
[97,118]
[98,118]
[99,118]
[100,118]
[101,118]
[102,118]
[103,118]
[104,118]
[105,118]
[106,118]
[107,118]
[108,118]
[109,118]
[110,118]
[111,118]
[112,118]
[113,118]
[114,118]
[115,118]
[116,118]
[117,118]
[118,118]
[119,118]
[120,118]
[121,118]
[121,117]
[121,116]
[121,115]
[121,114]
[121,113]
[121,112]
[121,111]
[121,110]
[121,109]
[121,108]
[121,107]
[121,106]
[121,105]
[121,104]
[121,103]
[121,102]
[121,101]
[121,99]
[121,98]
[121,97]
[121,96]
[121,95]
[121,94]
[121,93]
[121,92]
[121,91]
[121,90]
[121,89]
[121,88]
[121,87]
[121,86]
[121,85]
[121,84]
[121,83]
[121,82]
[121,81]
[121,80]
[121,79]
[120,79]
[119,79]
[118,79]
[117,79]
[116,79]
[115,79]
[114,79]
[113,79]
[112,79]
[111,79]
[110,79]
[109,79]
[108,79]
[107,79]
[106,79]
[105,79]
[104,79]
[103,79]
[102,79]
[101,79]
[100,79]
[99,79]
[98,79]
[97,79]
[96,79]
[95,79]
[94,79]
[93,79]
[92,79]
[91,79]
[90,79]
[89,79]
[88,79]
[87,79]
[86,79]
[85,79]
[84,79]
[83,79]
[82,79]
[81,79]
[80,79]
[79,79]
[78,79]
[77,79]
[76,79]
[75,79]
[74,79]
[73,79]
[72,79]
[71,79]
[70,79]
[69,80]
[68,81]
[67,82]
[66,83]
[65,84]
[64,84]
[63,84]
[62,84]
[61,84]
[60,84]
[59,84]
[58,84]
[57,84]
[56,84]
[55,84]
[54,84]
[52,84]
[51,84]
[50,84]
[50,85]
[51,86]
[52,87]
[53,88]
[54,89]
[55,90]
[56,91]
[57,92]
[58,93]
[59,94]
[60,95]
[61,96]
[62,97]
[63,98]
[64,99]
[65,100]
[66,101]
[67,102]
[68,103]
[69,104]
[70,105]
[71,106]
[72,107]
[73,108]
[74,109]
[75,110]
[76,111]
[77,112]
[78,113]
[79,114]
[80,115]
[81,116]
[82,117]
[83,118]
[84,118]
[85,118]
[86,118]
[86,117]
[86,116]
[87,115]
[87,114]
[87,113]
[88,113]
[89,113]
[90,113]
[90,114]
[90,115]
[90,116]
[90,117]
[91,117]
[93,117]
[94,117]
[93,116]
[93,115]
[93,114]
[92,113]
[91,112]
[90,111]
[89,110]
[88,109]
[87,108]
[86,107]
[85,106]
[84,105]
[83,104]
[82,103]
[81,102]
[80,101]
[79,100]
[78,99]
[77,98]
[76,97]
[75,96]
[74,95]
[73,94]
[72,93]
[71,92]
[70,91]
[69,90]
[68,89]
[67,88]
[66,87]
[65,86]
[64,85]
[63,84]
[62,83]
[61,82]
[60,81]
[59,80]
[58,79]
[57,78]
[56,77]
[55,76]
[54,75]
[53,74]
[52,73]
[51,72]
[51,71]
[51,70]
[51,69]
[51,68]
[51,67]
[51,66]
[51,65]
[51,64]
[51,63]
[51,61]
[51,60]
[51,59]
[51,58]
[52,57]
[53,56]
[54,55]
[55,54]
[56,53]
[57,52]
[58,51]
[59,50]
[60,49]
[61,48]
[62,47]
[63,46]
[64,45]
[65,44]
[66,43]
[67,42]
[68,41]
[69,40]
[70,39]
[71,38]
[72,37]
[73,36]
[74,35]
[75,34]
[76,33]
[77,32]
[78,32]
[79,32]
[80,32]
[81,32]
[82,32]
[83,32]
[84,32]
[85,32]
[86,32]
[88,32]
[89,32]
[88,33]
[87,34]
[86,35]
[86,36]
[86,37]
[86,38]
[86,39]
[86,40]
[86,41]
[86,42]
[86,43]
[86,44]
[86,45]
[86,46]
[86,47]
[86,49]
[86,50]
[86,51]
[86,52]
[86,53]
[86,54]
[86,55]
[86,56]
[86,57]
[86,58]
[85,57]
[84,56]
[83,55]
[82,54]
[81,53]
[80,52]
[79,51]
[78,50]
[77,49]
[76,48]
[75,47]
[74,46]
[73,45]
[72,44]
[71,43]
[70,42]
[69,41]
[68,40]
[67,39]
[66,38]
[65,37]
[64,36]
[63,35]
[62,34]
[61,33]
[60,32]
[59,31]
[58,30]
[57,29]
[56,28]
[55,27]
[54,26]
[53,25]
[52,24]
[51,23]
[50,22]
[49,21]
[48,20]
[47,19]
[46,18]
[45,17]
[44,16]
[43,15]
[42,14]
[41,13]
[40,12]
[39,11]
[38,10]
[37,9]
[36,8]
[35,7]
[34,7]
[33,7]
[32,7]
[31,7]
[30,7]
[29,7]
[28,7]
[27,7]
[26,7]
[25,7]
[24,7]
[24,8]
[24,9]
[24,11]
[24,12]
[24,13]
[24,14]
[24,15]
[24,16]
[24,17]
[24,18]
[24,19]
[24,20]
[24,21]
[24,22]
[24,23]
[24,24]
[24,25]
[24,26]
[24,27]
[24,28]
[24,29]
[24,30]
[24,31]
[24,32]
[24,33]
[24,34]
[24,35]
[24,36]
[24,37]
[24,38]
[24,39]
[24,40]
[24,41]
[24,42]
[24,43]
[24,44]
[24,45]
[24,46]
[24,47]
[24,48]
[24,49]
[24,50]
[24,51]
[24,52]
[24,53]
[24,54]
[24,55]
[24,56]
[24,57]
[24,58]
[24,59]
[24,60]
[24,61]
[24,62]
[24,63]
[24,64]
[24,65]
[24,66]
[25,67]
[26,68]
[27,69]
[28,70]
[29,71]
[30,72]
[31,73]
[32,73]
[33,73]
[34,73]
[35,73]
[36,73]
[36,72]
[36,70]
[36,69]
[36,68]
[36,67]
[36,66]
[36,65]
[36,64]
[36,63]
[36,62]
[36,61]
[36,60]
[36,59]
[36,58]
[36,57]
[36,56]
[36,55]
[36,54]
[36,53]
[36,52]
[36,51]
[36,50]
[36,49]
[36,48]
[36,47]
[36,46]
[36,45]
[36,44]
[36,43]
[36,42]
[36,41]
[36,40]
[36,39]
[36,38]
[36,37]
[36,36]
[36,35]
[36,34]
[36,33]
[36,32]
[36,31]
[36,30]
[36,29]
[36,28]
[36,27]
[36,26]
[36,25]
[36,24]
[36,23]
[36,22]
[36,21]
[36,20]
[36,19]
[36,18]
[36,17]
[36,16]
[36,15]
[36,14]
[36,13]
[36,12]
[37,11]
[38,10]
[39,9]
[40,8]
[41,7]
[42,6]
[43,6]
[44,6]
[45,6]
[46,6]
[47,6]
[48,6]
[49,6]
[49,7]
[49,9]
[50,10]
[51,11]
[52,12]
[53,13]
[54,14]
[55,15]
[56,16]
[57,17]
[58,18]
[59,19]
[60,20]
[61,21]
[62,22]
[63,23]
[64,24]
[65,25]
[66,26]
[67,27]
[68,28]
[69,29]
[70,30]
[71,31]
[72,32]
[73,33]
[74,34]
[75,35]
[76,36]
[77,37]
[78,38]
[79,39]
[80,40]
[81,41]
[82,42]
[83,43]
[84,44]
[85,45]
[86,46]
[87,47]
[88,48]
[89,49]
[90,50]
[91,51]
[92,52]
[93,53]
[94,54]
[95,55]
[96,56]
[97,57]
[98,58]
[99,59]
[100,60]
[101,61]
[102,62]
[103,63]
[104,64]
[105,65]
[106,66]
[107,67]
[108,68]
[109,67]
[110,66]
[111,65]
[112,64]
[113,63]
[114,62]
[114,61]
[114,60]
[114,59]
[114,57]
[114,56]
[114,55]
[114,54]
[114,53]
[114,52]
[114,51]
[114,50]
[114,49]
[114,48]
[114,47]
[114,46]
[114,45]
[114,44]
[114,43]
[114,42]
[114,41]
[114,40]
[114,39]
[114,38]
[114,37]
[114,36]
[114,35]
[114,34]
[114,33]
[115,32]
[116,31]
[116,30]
[116,29]
[116,28]
[116,27]
[116,26]
[116,25]
[116,24]
[116,23]
[116,22]
[116,21]
[116,20]
[116,19]
[116,18]
[116,17]
[116,16]
[116,15]
[116,14]
[116,13]
[116,12]
[116,11]
[116,10]
[116,9]
[116,7]
[116,6]
[115,7]
[114,8]
[113,9]
[112,10]
[111,11]
[110,12]
[109,13]
[108,14]
[107,15]
[106,16]
[105,17]
[104,18]
[103,19]
[102,20]
[101,21]
[100,22]
[99,23]
[98,24]
[97,25]
[96,26]
[95,27]
[94,28]
[93,29]
[92,30]
[91,31]
[90,32]
[89,33]
[88,34]
[87,35]
[86,36]
[85,37]
[84,38]
[83,39]
[82,40]
[81,41]
[80,42]
[79,43]
[78,44]
[77,45]
[76,46]
[75,47]
[74,48]
[73,49]
[72,50]
[71,51]
[70,52]
[69,53]
[68,54]
[67,55]
[66,56]
[65,57]
[64,58]
[63,59]
[62,60]
[61,61]
[60,62]
[59,63]
[58,64]
[57,65]
[56,66]
[55,67]
[54,68]
[53,69]
[52,70]
[51,71]
[50,72]
[49,73]
[48,74]
[47,75]
[46,75]
[45,75]
[44,75]
[43,75]
[42,75]
[41,75]
[40,75]
[39,75]
[38,75]
[37,75]
[36,75]
[35,75]
[34,75]
[33,75]
[32,75]
[31,75]
[30,75]
[29,75]
[27,75]
[26,75]
[25,75]
[26,74]
[27,73]
[28,72]
[29,71]
[30,70]
[31,69]
[32,68]
[33,67]
[34,66]
[35,65]
[36,64]
[37,63]
[38,62]
[39,61]
[40,60]
[41,59]
[42,58]
[43,57]
[44,56]
[45,55]
[46,54]
[47,53]
[48,52]
[49,51]
[50,50]
[51,49]
[52,48]
[53,47]
[54,46]
[55,45]
[56,44]
[57,43]
[58,42]
[59,41]
[60,40]
[61,39]
[62,38]
[62,37]
[62,36]
[62,35]
[62,34]
[62,33]
[62,32]
[62,31]