[4,4]
[4,5]
[4,6]
[4,7]
[4,8]
[4,9]
[4,10]
[4,11]
[4,12]
[4,13]
[4,14]
[5,14]
[6,14]
[7,14]
[8,14]
[9,14]
[10,14]
[11,14]
[12,14]
[13,14]
[14,13]
[15,12]
[16,11]
[17,10]
[18,9]
[19,9]
[20,9]
[21,9]
[22,9]
[23,9]
[24,9]
[25,9]
[26,9]
[27,9]
[28,9]
[29,9]
[30,9]
[31,9]
[32,9]
[33,9]
[34,9]
[35,9]
[36,9]
[37,9]
[38,9]
[39,9]
[40,9]
[41,9]
[43,9]
[44,9]
[45,9]
[44,10]
[43,11]
[42,12]
[42,13]
[42,14]
[42,15]
[42,16]
[42,17]
[42,18]
[42,19]
[42,20]
[42,21]
[42,22]
[42,23]
[42,24]
[42,25]
[42,26]
[42,27]
[42,28]
[42,29]
[42,30]
[42,31]
[42,32]
[42,33]
[42,34]
[42,35]
[42,36]
[42,37]
[42,38]
[42,39]
[42,40]
[42,41]
[42,42]
[42,43]
[42,44]
[42,45]
[42,46]
[41,47]
[40,48]
[39,49]
[38,50]
[37,51]
[36,52]
[35,53]
[34,54]
[33,55]
[32,56]
[31,56]
[30,56]
[29,56]
[28,56]
[27,56]
[26,56]
[25,56]
[24,56]
[23,56]
[22,56]
[21,56]
[20,56]
[19,56]
[18,56]
[17,56]
[16,56]
[15,56]
[14,56]
[12,56]
[11,56]
[10,56]
[9,56]
[8,56]
[7,56]
[6,56]
[5,56]
[4,56]
[3,56]
[2,56]
[1,56]
[0,56]
[0,55]
[0,54]
[0,53]
[0,52]
[0,51]
[0,50]
[0,49]
[0,48]
[0,47]
[0,46]
[0,45]
[0,44]
[0,43]
[0,42]
[0,41]
[0,40]
[0,39]
[0,38]
[0,37]
[0,36]
[0,35]
[0,34]
[0,33]
[0,32]
[0,31]
[0,30]
[0,29]
[0,28]
[0,27]
[0,26]
[0,25]
[0,24]
[0,23]
[0,22]
[0,21]
[0,20]
[0,19]
[0,18]
[0,17]
[0,16]
[1,16]
[2,16]
[3,16]
[4,16]
[5,16]
[6,16]
[7,16]
[8,16]
[9,16]
[10,16]
[11,16]
[12,16]
[13,16]
[14,16]
[15,16]
[16,16]
[17,16]
[18,16]
[19,16]
[20,16]
[21,16]
[22,16]
[23,16]
[24,16]
[25,16]
[26,16]
[27,16]
[28,16]
[29,16]
[30,16]
[31,16]
[32,16]
[33,16]
[34,16]
[35,16]
[36,16]
[37,16]
[38,16]
[40,16]
[41,16]
[42,16]
[43,16]
[44,16]
[45,16]
[44,17]
[43,18]
[42,19]
[41,20]
[40,21]
[39,22]
[38,23]
[37,24]
[36,25]
[35,26]
[34,27]
[33,28]
[32,29]
[31,30]
[30,31]
[29,32]
[28,33]
[27,34]
[26,35]
[25,36]
[24,37]
[23,38]
[22,39]
[21,40]
[20,41]
[20,42]
[20,43]
[20,44]
[20,45]
[19,45]
[18,45]
[17,46]
[16,47]
[15,48]
[14,49]
[13,49]
[12,49]
[11,49]
[10,49]
[9,49]
[8,49]
[7,49]
[6,49]
[5,49]
[5,50]
[5,51]
[5,52]
[5,53]
[5,54]
[5,55]
[5,57]
[6,57]
[7,57]
[8,57]
[9,57]
[9,58]
[9,59]
[10,59]
[11,59]
[12,59]
[13,59]
[14,59]
[15,59]
[16,59]
[17,59]
[18,59]
[19,59]
[20,59]
[21,59]
[22,59]
[23,59]
[24,59]
[25,59]
[26,59]
[27,59]
[28,59]
[29,59]
[30,59]
[31,59]
[32,59]
[33,59]
[34,59]
[35,59]
[36,59]
[37,59]
[38,59]
[39,59]
[40,59]
[41,59]
[42,59]
[43,59]
[44,59]
[45,59]
[46,59]
[47,59]
[48,59]
[49,59]
[50,59]
[51,59]
[52,59]
[53,59]
[54,59]
[55,59]
[56,59]
[57,59]
[57,58]
[57,57]
[57,56]
[57,55]
[57,54]
[57,53]
[57,52]
[57,51]
[57,50]
[57,49]
[57,48]
[57,47]
[57,46]
[57,45]
[57,44]
[57,43]
[57,42]
[57,41]
[57,40]
[57,39]
[57,38]
[57,36]
[57,35]
[57,34]
[57,33]
[57,32]
[57,31]
[57,30]
[57,29]
[57,28]
[57,27]
[57,26]
[57,25]
[57,24]
[57,23]
[57,22]
[57,21]
[57,20]
[57,19]
[57,18]
[56,18]
[55,18]
[54,18]
[53,18]
[52,18]
[51,18]
[50,18]
[49,18]
[48,18]
[47,18]
[46,18]
[45,18]
[44,18]
[43,18]
[42,18]
[41,18]
[40,18]
[39,18]
[38,18]
[37,18]
[36,18]
[35,18]
[34,18]
[33,18]
[32,18]
[31,18]
[30,18]
[29,18]
[28,18]
[27,18]
[26,18]
[25,18]
[24,18]
[23,18]
[22,18]
[21,18]
[20,18]
[19,18]
[18,18]
[17,18]
[16,18]
[15,18]
[14,18]
[13,18]
[12,18]
[10,18]
[9,18]
[8,18]
[7,18]
[6,18]
[5,18]
[4,18]
[3,18]
[2,18]
[1,18]
[0,18]
[0,19]
[0,20]
[0,21]
[0,22]
[0,23]
[0,24]
[0,25]
[0,26]
[0,27]
[0,28]
[0,29]
[0,30]
[0,31]
[0,32]
[0,33]
[0,34]
[0,35]
[0,36]
[0,37]
[0,38]
[0,39]
[0,40]
[0,41]
[0,42]
[0,43]
[0,44]
[0,45]
[0,46]
[0,47]
[0,48]
[0,49]
[0,50]
[0,51]
[0,52]
[0,53]
[0,54]
[0,55]
[0,56]
[0,57]
[0,58]
[0,59]
[0,60]
[1,60]
[2,60]
[3,60]
[4,60]
[5,60]
[6,60]
[7,60]
[8,60]
[9,60]
[10,60]
[11,60]
[12,60]
[13,60]
[14,60]
[15,60]
[16,60]
[17,60]
[18,60]
[19,60]
[20,60]
[21,60]
[22,60]
[23,60]
[24,60]
[25,60]
[26,60]
[27,60]
[28,60]
[29,60]
[30,60]
[31,60]
[32,60]
[33,60]
[34,60]
[35,60]
[36,60]
[37,60]
[38,60]
[39,60]
[40,60]
[41,60]
[42,60]
[43,60]
[44,60]
[45,60]
[46,60]
[47,60]
[48,60]
[48,59]
[48,58]
[48,57]
[48,56]
[48,55]
[48,54]
[48,53]
[48,52]
[47,52]
[45,52]
[44,52]
[43,52]
[42,51]
[41,50]
[40,49]
[39,48]
[38,47]
[38,46]
[38,45]
[38,44]
[38,43]
[38,42]
[38,41]
[38,40]
[38,39]
[38,38]
[38,37]
[38,36]
[38,35]
[38,34]
[38,33]
[38,32]
[38,31]
[38,30]
[38,29]
[38,28]
[38,27]
[38,26]
[38,25]
[38,24]
[38,22]
[38,21]
[39,21]
[40,21]
[40,22]
[40,24]
[41,24]
[42,24]
[43,24]
[44,24]
[45,24]
[46,24]
[47,24]
[48,24]
[49,24]
[50,24]
[51,24]
[52,24]
[53,24]
[54,24]
[55,24]
[56,24]
[58,24]
[59,24]
[60,24]
[60,25]
[60,26]
[60,27]
[60,28]
[60,29]
[60,30]
[60,31]
[60,32]
[60,33]
[60,34]
[60,35]
[60,36]
[60,37]
[60,38]
[60,39]
[60,40]
[60,41]
[60,42]
[60,43]
[60,44]
[60,45]
[60,46]
[60,47]
[60,48]
[60,49]
[60,50]
[60,51]
[60,52]
[60,53]
[60,54]
[60,55]
[60,56]
[60,57]
[60,58]
[60,59]
[60,60]
[59,60]
[58,60]
[57,60]
[56,60]
[55,60]
[54,60]
[53,60]
[52,60]
[51,60]
[50,60]
[49,60]
[48,60]
[47,60]
[46,60]
[45,60]
[44,60]
[43,60]
[42,60]
[41,60]
[40,60]
[39,60]
[38,60]
[37,60]
[36,60]
[35,60]
[34,60]
[33,60]
[32,60]
[31,60]
[30,60]
[29,60]
[28,60]
[27,60]
[26,60]
[25,60]
[24,60]
[23,60]
[22,60]
[21,60]
[20,60]
[19,60]
[18,60]
[17,60]
[16,60]
[15,60]
[14,60]
[13,60]
[12,60]
[11,60]
[10,60]
[9,60]
[9,59]
[9,58]
[8,58]
[6,58]
[6,57]
[6,56]
[6,55]
[6,54]
[7,53]
[8,52]
[9,51]
[10,50]
[11,49]
[11,48]
[11,47]
[11,46]
[11,45]
[11,44]
[11,43]
[11,42]
[11,41]
[11,40]
[11,39]
[11,38]
[11,37]
[11,36]
[11,35]
[11,34]
[12,34]
[14,34]
[15,34]
[16,35]
[17,36]
[18,37]
[19,38]
[20,39]
[21,40]
[22,41]
[23,42]
[24,43]
[25,44]
[26,45]
[27,46]
[28,47]
[29,48]
[30,49]
[31,50]
[32,51]
[33,51]
[34,51]
[35,51]
[36,51]
[37,51]
[38,51]
[39,51]
[40,51]
[40,50]
[40,48]
[40,47]
[41,46]
[42,45]
[43,44]
[44,43]
[45,42]
[46,41]
[47,40]
[48,39]
[49,38]
[50,37]
[51,36]
[52,35]
[53,34]
[54,33]
[55,32]
[56,31]
[57,30]
[57,29]
[57,28]
[57,27]
[57,26]
[57,25]
[57,24]
[56,24]
[54,24]
[53,24]
[52,23]
[51,22]
[50,21]
[49,20]
[48,19]
[47,18]
[46,17]
[45,16]
[44,15]
[43,14]
[42,13]
[41,12]
[40,12]
[39,12]
[38,12]
[37,12]
[36,12]
[34,12]
[33,12]
[34,13]
[35,14]
[36,15]