[11,68]										
[11,69]
[11,70]
[11,71]
[11,72]
[11,73]
[11,74]
[11,75]
[11,76]
[11,77]
[11,79]
[11,80]
[12,81]
[13,82]
[14,83]
[15,84]
[16,85]
[17,85]
[18,85]
[19,85]
[20,85]
[21,85]
[22,85]
[23,85]
[24,85]
[25,85]
[26,85]
[27,85]
[28,85]
[29,85]
[30,85]
[31,85]
[32,85]
[33,85]
[34,85]
[35,85]
[36,85]
[37,85]
[38,85]
[39,85]
[40,85]
[41,85]
[42,85]
[43,85]
[44,85]
[45,85]
[46,85]
[47,85]
[48,85]
[49,85]
[50,85]
[51,85]
[52,85]
[53,85]
[54,85]
[55,85]
[55,86]
[55,87]
[55,88]
[55,89]
[55,90]
[55,91]
[55,93]
[55,94]
[54,93]
[53,92]
[52,91]
[51,90]
[50,89]
[49,88]
[48,87]
[47,86]
[46,85]
[45,84]
[44,83]
[43,83]
[42,83]
[41,83]
[40,83]
[39,83]
[38,83]
[37,83]
[36,83]
[35,83]
[34,83]
[32,83]
[33,84]
[34,85]
[35,86]
[36,87]
[37,88]
[38,89]
[39,90]
[40,91]
[41,92]
[42,93]
[43,94]
[44,95]
[45,96]
[46,97]
[47,98]
[48,98]
[49,98]
[50,98]
[51,98]
[52,98]
[52,99]
[52,100]
[52,102]
[53,102]
[53,101]
[53,100]
[53,98]
[52,97]
[51,96]
[52,95]
[53,94]
[54,93]
[55,92]
[56,91]
[57,90]
[58,89]
[59,88]
[60,87]
[60,86]
[60,85]
[60,84]
[60,83]
[60,82]
[60,81]
[60,80]
[60,79]
[60,78]
[60,77]
[60,76]
[60,75]
[60,74]
[60,73]
[60,72]
[60,71]
[60,70]
[60,69]
[60,68]
[60,67]
[60,66]
[60,65]
[60,64]
[60,63]
[60,62]
[60,61]
[60,60]
[60,59]
[60,58]
[60,57]
[60,56]
[60,55]
[60,54]
[60,53]
[60,52]
[60,51]
[60,50]
[60,49]
[60,48]
[60,47]
[60,46]
[60,45]
[60,44]
[60,43]
[60,42]
[59,42]
[58,42]
[57,42]
[56,42]
[55,42]
[54,42]
[53,42]
[52,42]
[51,42]
[50,42]
[49,42]
[48,42]
[47,42]
[46,42]
[45,42]
[43,42]
[42,41]
[41,40]
[40,39]
[39,38]
[38,37]
[37,36]
[36,35]
[35,34]
[34,33]
[33,32]
[32,31]
[31,31]
[30,31]
[29,31]
[28,31]
[27,31]
[26,31]
[25,31]
[24,31]
[23,31]
[22,31]
[21,31]
[20,31]
[18,31]
[18,32]
[19,33]
[20,34]
[21,35]
[22,36]
[22,37]
[22,38]
[22,39]
[22,40]
[22,41]
[22,42]
[22,43]
[22,44]
[22,45]
[22,46]
[22,47]
[22,48]
[22,49]
[22,50]
[22,51]
[22,52]
[22,53]
[22,54]
[22,55]
[22,56]
[22,57]
[23,58]
[23,59]
[23,60]
[23,61]
[23,62]
[23,63]
[23,64]
[23,65]
[23,66]
[23,67]
[23,69]
[23,68]
[23,67]
[23,66]
[23,65]
[23,64]
[23,63]
[23,62]
[23,61]
[23,60]
[23,59]
[23,58]
[23,57]
[23,56]
[23,55]
[23,54]
[23,53]
[23,52]
[23,51]
[23,50]
[23,49]
[23,48]
[23,47]
[23,46]
[23,45]
[23,44]
[23,43]
[23,42]
[23,41]
[23,40]
[23,39]
[23,38]
[23,37]
[23,36]
[23,35]
[23,34]
[23,33]
[23,32]
[23,31]
[23,30]
[23,29]
[23,28]
[23,27]
[23,26]
[23,25]
[23,24]
[23,23]
[23,22]
[23,21]
[23,20]
[23,19]
[23,18]
[23,17]
[23,16]
[24,15]
[25,14]
[26,13]
[27,12]
[28,11]
[29,10]
[30,9]
[31,8]
[32,7]
[33,6]
[34,5]
[35,4]
[36,3]
[37,2]
[38,1]
[39,1]
[40,1]
[41,1]
[42,1]
[43,1]
[44,1]
[45,1]
[46,1]
[47,1]
[48,1]
[49,1]
[51,1]
[52,1]
[53,1]
[54,1]
[55,1]
[56,1]
[57,1]
[58,1]
[59,1]
[60,1]
[60,2]
[60,3]
[60,4]
[60,5]
[60,6]
[60,7]
[60,8]
[60,9]
[60,10]
[60,11]
[60,12]
[60,13]
[60,14]
[60,15]
[60,16]
[60,17]
[60,18]
[60,19]
[60,20]
[60,21]
[60,22]
[60,23]
[60,24]
[60,25]
[60,26]
[60,27]
[60,28]
[60,29]
[60,30]
[60,31]
[60,32]
[60,33]
[60,34]
[60,35]
[60,36]
[60,37]
[60,38]
[60,39]
[60,40]
[60,41]
[60,42]
[60,43]
[60,44]
[60,45]
[60,46]
[60,47]
[60,48]
[60,49]
[60,50]
[60,51]
[60,52]
[60,53]
[60,54]
[60,55]
[60,56]
[60,57]
[60,58]
[60,59]
[60,60]
[60,61]
[60,62]
[60,63]
[60,64]
[60,65]
[60,66]
[60,67]
[60,68]
[60,69]
[60,70]
[60,71]
[60,72]
[60,73]
[60,74]
[60,75]
[60,76]
[60,77]
[60,78]
[60,79]
[60,80]
[60,81]
[60,82]
[60,83]
[60,84]
[60,85]
[60,86]
[60,87]
[60,88]
[60,89]
[60,90]
[60,91]
[60,92]
[60,93]
[60,94]
[60,95]
[60,96]
[60,97]
[60,98]
[60,99]
[60,100]
[60,101]
[60,102]
[60,103]
[60,104]
[60,105]
[60,106]
[60,107]
[60,108]
[60,109]
[60,110]
[60,111]
[60,112]
[60,113]
[60,114]
[60,115]
[60,116]
[60,117]
[60,118]
[60,119]
[59,119]
[58,119]
[57,119]
[56,119]
[55,119]
[54,119]
[53,119]
[52,119]
[51,119]
[50,119]
[49,119]
[48,119]
[47,119]
[46,119]
[45,119]
[43,119]
[42,119]
[41,118]
[40,117]
[39,116]
[38,115]
[37,114]
[36,113]
[35,112]
[34,111]
[34,110]
[34,109]
[34,108]
[34,107]
[34,106]
[34,105]
[34,104]
[34,103]
[34,102]
[34,101]
[34,100]
[34,99]
[34,98]
[34,97]
[34,96]
[34,95]
[34,94]
[34,93]
[34,92]
[34,91]
[34,90]
[34,89]
[34,88]
[34,87]
[34,86]
[34,85]
[34,84]
[34,83]
[34,82]
[34,81]
[34,80]
[34,79]
[34,78]
[34,77]
[34,76]
[34,75]
[34,74]
[34,73]
[34,72]
[34,71]
[34,70]
[34,69]
[34,68]
[34,67]
[34,66]
[34,65]
[34,64]
[34,63]
[34,62]
[34,61]
[34,60]
[34,59]
[34,58]
[34,57]
[34,56]
[34,55]
[34,54]
[34,53]
[34,52]
[34,51]
[34,50]
[34,49]
[34,48]
[34,47]
[34,46]
[34,45]
[34,44]
[34,43]
[34,42]
[34,41]
[34,40]
[34,39]
[34,38]
[34,37]
[34,36]
[35,35]
[36,34]
[36,33]
[36,32]
[36,31]
[36,30]
[36,29]
[36,28]
[36,27]
[36,26]
[36,25]
[36,23]
[36,22]
[35,21]
[34,20]
[33,19]
[32,18]
[31,17]
[30,16]
[29,15]
[28,14]
[27,13]
[26,12]
[25,11]
[24,10]
[23,9]
[22,8]
[21,7]
[20,6]
[19,5]
[18,4]
[17,3]
[16,3]
[15,3]
[14,3]
[13,3]
[12,3]
[11,3]
[10,3]
[9,3]
[7,3]
[6,3]
[5,3]
[4,3]
[3,3]
[2,3]
[1,3]
[0,3]
[0,4]
[0,5]
[0,6]
[0,7]
[0,8]
[0,9]
[0,10]
[0,11]
[0,12]
[0,13]
[0,14]
[0,15]
[0,16]
[0,17]
[0,18]
[0,19]
[0,20]
[0,21]
[0,22]
[0,23]
[0,24]
[0,25]
[0,26]
[0,27]
[0,28]
[0,29]
[0,30]
[0,31]
[0,32]
[0,33]
[0,34]
[0,35]
[0,36]
[0,37]
[0,38]
[0,39]
[0,40]
[0,41]
[0,42]
[0,43]
[0,44]
[0,45]
[0,46]
[0,47]
[0,48]
[0,49]
[0,50]
[0,51]
[0,52]
[0,53]
[0,54]
[0,55]
[0,56]
[0,57]
[0,58]
[0,59]
[0,60]
[0,61]
[0,62]
[0,63]
[0,64]
[0,65]
[0,66]
[0,67]
[0,68]
[0,69]
[0,70]
[0,71]
[1,70]
[1,69]
[1,68]
[1,67]
[1,65]
[2,65]
[3,65]
[4,65]
[5,65]
[6,65]
[7,65]
[8,65]
[9,65]
[10,65]
[11,65]
[12,65]
[13,65]
[14,65]
[15,65]
[16,65]
[17,65]
[18,65]
[19,65]
[20,65]
[21,65]
[22,65]
[23,65]
[24,65]
[25,65]
[26,65]
[27,65]
[28,65]
[29,65]
[30,65]
[31,65]
[32,65]
[33,65]
[34,65]
[35,65]
[36,65]
[37,65]
[38,65]
[39,65]
[40,65]
[41,65]
[41,64]
[41,62]
[41,63]
[41,64]
[41,65]
[41,66]
[40,67]
[39,68]
[38,69]
[37,70]
[36,71]
[35,72]
[34,73]
[32,75]
[31,74]
[30,73]
[29,72]
[28,71]
[27,70]
[26,69]
[25,68]
[24,67]
[24,66]
[24,65]
[24,64]
[24,63]
[24,62]
[24,61]
[24,60]
[24,59]
[24,58]
[24,57]
[24,56]
[24,55]
[24,54]
[23,53]
[22,52]
[21,51]
[20,50]
[19,49]
[18,48]
[18,47]
[18,46]
[18,45]
[18,44]
[18,43]
[18,42]
[18,41]
[18,40]
[18,39]
[18,38]
[18,37]
[18,36]
[18,35]
[18,34]
[18,33]
[18,32]
[18,31]
[18,30]
[18,29]
[18,28]
[18,27]
[18,26]
[18,25]
[18,24]
[18,23]
[18,22]
[18,21]
[18,19]
[18,20]
[18,21]
[18,22]
[18,23]
[18,24]
[18,25]
[18,26]
[18,27]
[18,28]
[18,29]
[18,30]
[18,31]
[18,32]
[18,33]
[18,34]
[18,35]
[18,36]
[18,37]
[18,38]
[18,39]
[18,40]
[18,41]
[18,42]
[18,43]
[18,44]
[18,45]
[18,46]
[18,47]
[18,48]
[18,49]
[18,50]
[18,51]
[18,52]
[18,53]
[18,54]
[18,55]
[18,56]
[18,57]
[17,58]
[16,59]
[15,60]
[14,61]
[13,62]
[12,63]
[11,64]
[11,65]
[11,66]
[11,67]
[11,68]
[11,69]
[11,70]
[11,71]
[11,72]
[11,73]
[11,74]
[11,75]
[11,76]
[11,77]
[11,78]
[11,79]
[11,80]
[11,81]
[11,82]
[11,83]
[11,84]
[11,85]
[11,86]
[11,87]
[11,88]
[11,89]
[11,90]
[11,91]
[11,92]
[11,93]
[11,94]
[11,95]
[11,96]
[11,97]
[11,98]
[11,99]
[11,100]
[11,101]
[11,102]
[11,103]
[11,104]
[11,105]
[11,106]
[11,108]
[11,109]
[12,108]
[13,107]
[14,106]
[15,105]
[16,104]
[17,103]
[18,102]
[18,101]
[18,100]
[18,99]
[18,98]
[18,97]
[18,96]
[18,95]
[18,94]
[18,93]
[18,92]
[18,90]
[18,89]
[17,89]
[16,89]
[15,89]
[14,89]
[13,89]
[12,89]
[11,89]
[10,89]
[9,89]
[8,89]
[7,89]
[6,89]
[5,89]
[4,89]
[3,89]
[3,90]
[3,91]
[3,93]
[3,94]
[3,93]
[3,92]
[3,91]
[3,90]
[3,89]
[3,88]
[3,87]
[3,86]
[3,85]
[3,84]
[3,83]
[3,82]
[3,81]
[3,80]
[3,79]
[3,78]
[3,77]
[3,76]
[3,75]
[3,74]
[3,73]
[3,72]
[3,71]
[3,70]
[3,69]
[3,68]
[3,67]
[3,66]
[3,65]
[3,64]
[3,63]
[3,62]
[3,61]
[3,60]
[3,59]
[3,58]
[3,57]
[3,56]
[3,55]
[3,54]
[3,53]
[3,52]
[3,51]
[3,50]
[3,49]
[3,48]
[3,47]
[3,46]
[3,45]
[4,44]
[5,43]
[6,42]
[7,41]
[8,41]
[10,41]
[11,40]
[12,39]
[12,38]
[12,37]
[12,36]
[12,35]
[12,34]
[12,33]
[12,32]
[12,31]
[12,30]
[12,29]
[12,28]
[12,27]
[12,26]
[12,25]
[13,24]
[14,23]
[15,22]
[16,21]
[17,20]
[18,19]
[19,19]
[20,19]
[21,19]
[22,19]
[23,19]
[24,19]
[25,19]
[26,19]
[27,19]
[28,19]
[29,19]
[30,19]
[31,19]
[32,19]
[33,19]
[34,19]
[35,18]
[36,17]
[37,16]
[38,16]
[39,16]
[40,16]
[41,16]
[42,16]
[43,16]
[44,16]
[45,16]
[46,16]
[46,17]
[45,17]
[43,17]
[42,17]
[42,16]
[42,15]
[42,14]
[42,13]
[42,12]
[42,11]
[42,10]
[42,9]
[42,8]
[42,7]
[42,6]
[42,5]
[42,4]
[42,3]
[42,2]
[41,2]
[40,2]
[39,2]
[38,2]
[37,2]
[36,2]
[35,2]
[34,2]
[33,2]
[32,2]
[31,2]
[29,2]
[28,2]
[27,2]
[27,3]
[27,4]
[27,5]
[27,6]
[27,7]
[27,8]
[27,9]
[27,10]
[27,11]
[27,12]
[27,13]
[27,14]
[27,15]
[27,16]
[27,17]
[27,18]
[27,19]
[27,20]
[27,21]
[27,22]
[27,23]
[27,24]
[27,25]
[27,26]
[27,27]
[27,28]
[27,29]
[27,30]
[27,31]
[27,32]
[27,34]
[27,33]
[27,32]
[27,31]
[27,30]
[27,29]
[26,28]
[26,27]
[26,26]
[26,25]
[26,24]
[26,23]
[26,22]
[26,20]
[26,19]
[25,19]
[24,19]
[23,19]
[22,19]
[21,19]
[20,19]
[19,19]
[18,19]
[17,19]
[16,19]
[15,19]
[14,19]
[13,19]
[12,19]
[11,19]
[10,20]
[9,21]
[8,22]
[7,23]
[6,24]
[5,25]
[4,26]
[3,27]
[2,28]
[1,29]
[0,30]
[0,31]
[0,32]
[0,33]
[0,34]
[0,35]
[0,36]
[0,37]
[0,38]
[0,39]
[0,40]
[0,41]
[0,42]
[0,43]
[0,44]
[0,45]
[0,46]
[0,47]
[0,48]
[0,49]
[0,50]
[0,51]
[0,52]
[0,53]
[0,54]
[0,55]
[0,56]
[0,57]
[0,58]
[0,59]
[0,60]
[0,61]
[0,62]
[0,63]
[0,64]
[0,65]
[0,66]
[0,67]
[0,68]
[0,69]
[0,70]
[0,71]
[0,72]
[0,73]
[0,74]
[0,75]
[0,76]
[0,77]
[0,78]
[0,79]
[0,80]
[0,81]
[0,82]
[0,83]
[0,84]
[0,85]
[0,86]
[0,87]
[0,88]
[0,89]
[0,90]
[0,91]
[0,92]
[0,93]
[0,94]
[0,95]
[0,96]
[0,97]
[0,98]
[0,99]
[0,100]
[0,101]
[0,102]
[0,103]
[0,104]
[0,105]
[0,106]
[0,108]
[0,109]
[1,109]
[2,109]
[3,109]
[4,109]
[5,109]
[6,109]
[7,109]
[8,109]
[9,109]
[10,109]
[11,109]
[12,109]
[13,109]
[14,109]
[15,109]
[16,109]
[17,109]
[18,109]
[19,109]
[20,109]
[21,109]
[22,109]
[23,109]
[24,109]
[25,109]
[26,109]
[27,108]
[28,107]
[29,106]
[30,105]
[31,104]
[32,103]
[33,102]
[34,101]
[35,100]
[36,99]
[37,98]
[37,97]
[37,96]
[37,95]
[37,94]
[37,93]
[37,92]
[37,91]
[37,90]
[37,89]
[37,88]
[37,87]
[37,86]
[38,85]
[39,84]
[40,83]

